{
  "words": [
    "abilities",
    "activities",
    "adversity",
    "aggressive",
    "agreement",
    "ammunition",
    "animals",
    "antenna",
    "appreciate",
    "approve",
    "audio",
    "behalf",
    "bloc",
    "brand",
    "cartoon",
    "chefs",
    "clad",
    "commuters",
    "corruption",
    "debris",
    "deliberate",
    "detention",
    "dividends",
    "donors",
    "elevator",
    "episode",
    "exit",
    "fastball",
    "fictional",
    "figures",
    "gender",
    "grim",
    "gunmen",
    "identical",
    "ill",
    "inch",
    "insurer",
    "integrity",
    "letters",
    "mention",
    "midfield",
    "mines",
    "mystery",
    "nations",
    "native",
    "navy",
    "numerous",
    "offices",
    "page",
    "pairs",
    "patterns",
    "peers",
    "pipeline",
    "pregnancy",
    "premiums",
    "pressures",
    "productive",
    "promises",
    "protection",
    "purple",
    "purpose",
    "rains",
    "recess",
    "recipient",
    "refineries",
    "research",
    "resistant",
    "revelation",
    "reversal",
    "rocket",
    "runner",
    "sacrifices",
    "scenario",
    "scheme",
    "seller",
    "semifinals",
    "separate",
    "shadow",
    "shallow",
    "single",
    "slash",
    "slice",
    "soldier",
    "spectacle",
    "strip",
    "supportive",
    "tablets",
    "tennis",
    "theater",
    "thirty",
    "tools",
    "towel",
    "traces",
    "tricks",
    "truth",
    "volume",
    "weakness",
    "whilst",
    "wives",
    "wrap"
  ],
  "scores": [
    [
      100.0,
      25.23,
      20.71,
      17.14,
      -0.68,
      6.57,
      12.1,
      3.14,
      17.4,
      -1.94,
      8.53,
      12.04,
      7.64,
      9.91,
      5.16,
      4.16,
      1.65,
      -2.43,
      1.99,
      -2.04,
      5.52,
      4.0,
      9.61,
      3.4,
      6.19,
      3.12,
      1.2,
      13.1,
      6.93,
      9.83,
      21.75,
      -5.57,
      0.52,
      4.43,
      9.47,
      3.57,
      -0.56,
      29.38,
      2.85,
      -0.74,
      12.12,
      2.69,
      2.45,
      5.49,
      7.1,
      6.05,
      11.32,
      1.83,
      -0.46,
      8.89,
      22.61,
      27.45,
      -1.35,
      6.31,
      4.78,
      11.54,
      16.14,
      8.19,
      13.37,
      7.2,
      19.3,
      -3.6,
      6.1,
      1.24,
      -0.18,
      6.96,
      7.93,
      10.21,
      -3.21,
      13.3,
      5.2,
      21.97,
      3.14,
      7.78,
      -4.83,
      4.25,
      -1.93,
      12.25,
      7.16,
      1.45,
      -1.05,
      -1.65,
      1.71,
      13.79,
      1.1,
      10.76,
      4.14,
      5.95,
      3.17,
      2.22,
      33.92,
      1.42,
      -2.65,
      35.55,
      13.95,
      0.97,
      20.27,
      17.87,
      7.18,
      -2.84
    ],
    [
      25.23,
      100.0,
      0.61,
      13.22,
      7.57,
      7.73,
      15.21,
      0.56,
      7.15,
      2.45,
      -0.04,
      10.57,
      3.91,
      1.99,
      7.04,
      -3.24,
      -0.2,
      1.06,
      13.85,
      8.97,
      11.4,
      14.47,
      13.77,
      12.48,
      -1.15,
      4.28,
      -3.13,
      2.24,
      0.64,
      7.09,
      5.0,
      1.42,
      6.46,
      -9.54,
      2.91,
      -6.23,
      -3.04,
      8.82,
      7.77,
      3.5,
      -2.46,
      15.25,
      0.37,
      13.95,
      -4.2,
      2.4,
      10.89,
      16.91,
      5.71,
      1.07,
      23.07,
      13.1,
      5.37,
      8.33,
      0.8,
      18.87,
      17.07,
      7.76,
      6.79,
      -3.21,
      21.86,
      7.77,
      18.44,
      -1.74,
      9.1,
      22.01,
      -7.54,
      0.57,
      -0.1,
      12.06,
      -6.97,
      10.57,
      3.46,
      20.89,
      -6.46,
      -6.18,
      1.74,
      1.26,
      6.92,
      -2.33,
      -6.83,
      -7.74,
      -1.28,
      14.25,
      2.74,
      12.42,
      6.27,
      12.61,
      11.38,
      0.89,
      24.9,
      1.7,
      3.08,
      18.09,
      -5.36,
      4.45,
      3.44,
      15.98,
      10.22,
      4.25
    ],
    [
      20.71,
      0.61,
      100.0,
      17.17,
      -0.67,
      4.12,
      11.67,
      5.52,
      21.91,
      -2.31,
      -1.21,
      8.98,
      -0.52,
      4.65,
      7.45,
      6.16,
      4.98,
      5.98,
      13.34,
      16.97,
      3.02,
      3.86,
      14.84,
      3.27,
      7.22,
      3.92,
      12.1,
      15.72,
      13.23,
      5.67,
      11.82,
      23.22,
      5.39,
      3.4,
      8.85,
      1.24,
      12.58,
      16.18,
      8.59,
      -5.04,
      19.28,
      8.15,
      10.02,
      6.1,
      9.52,
      0.04,
      14.86,
      -2.25,
      2.64,
      -2.45,
      2.36,
      19.14,
      -0.33,
      11.91,
      14.63,
      32.8,
      13.7,
      5.95,
      2.97,
      9.05,
      2.02,
      14.79,
      -2.07,
      4.67,
      6.11,
      4.11,
      6.68,
      12.79,
      9.54,
      11.36,
      9.36,
      33.54,
      17.11,
      -1.02,
      -2.79,
      22.66,
      9.54,
      17.71,
      -1.39,
      10.43,
      1.02,
      0.01,
      12.38,
      2.51,
      -2.3,
      18.48,
      1.66,
      7.94,
      8.24,
      1.33,
      7.04,
      9.1,
      4.61,
      11.02,
      23.13,
      3.34,
      21.91,
      -3.96,
      14.13,
      4.67
    ],
    [
      17.14,
      13.22,
      17.17,
      100.0,
      5.36,
      3.61,
      11.96,
      -0.62,
      6.93,
      9.36,
      -0.84,
      5.36,
      5.29,
      14.4,
      5.32,
      -2.82,
      1.63,
      -4.82,
      5.76,
      3.66,
      32.07,
      -1.2,
      16.89,
      1.42,
      7.95,
      1.32,
      13.86,
      13.24,
      -1.16,
      2.15,
      0.77,
      6.95,
      2.19,
      8.37,
      17.71,
      10.59,
      5.99,
      6.33,
      5.12,
      -4.11,
      13.8,
      1.34,
      -0.24,
      5.27,
      3.06,
      4.47,
      14.26,
      4.15,
      4.09,
      1.35,
      16.45,
      11.63,
      8.74,
      0.17,
      10.67,
      15.73,
      25.08,
      1.74,
      12.11,
      6.11,
      -3.48,
      -0.76,
      5.26,
      -0.61,
      5.63,
      7.63,
      25.14,
      -2.03,
      11.71,
      5.18,
      4.76,
      2.76,
      8.23,
      9.07,
      1.76,
      7.12,
      8.44,
      -0.85,
      12.99,
      7.99,
      22.15,
      6.92,
      1.48,
      3.64,
      0.18,
      34.45,
      3.86,
      9.66,
      -4.4,
      1.98,
      15.41,
      5.84,
      -2.44,
      14.55,
      2.29,
      12.33,
      21.18,
      1.27,
      0.41,
      0.79
    ],
    [
      -0.68,
      7.57,
      -0.67,
      5.36,
      100.0,
      2.81,
      3.29,
      6.98,
      7.38,
      25.1,
      2.53,
      15.11,
      13.77,
      13.74,
      2.54,
      -2.63,
      -2.28,
      1.13,
      2.42,
      6.18,
      4.25,
      5.05,
      5.03,
      1.85,
      7.26,
      5.1,
      14.79,
      1.58,
      -3.44,
      8.01,
      -6.42,
      -0.14,
      5.53,
      7.19,
      -0.88,
      6.04,
      4.66,
      7.19,
      8.23,
      3.92,
      2.02,
      3.74,
      0.73,
      12.23,
      1.34,
      0.27,
      1.02,
      12.58,
      2.1,
      0.03,
      -1.12,
      -3.48,
      16.75,
      5.7,
      3.93,
      -2.55,
      10.24,
      19.74,
      9.8,
      0.47,
      4.51,
      2.21,
      9.68,
      6.55,
      3.45,
      7.11,
      1.79,
      10.03,
      11.16,
      3.37,
      2.75,
      7.44,
      13.51,
      24.92,
      7.19,
      10.97,
      9.79,
      0.79,
      0.29,
      -1.16,
      4.56,
      -3.16,
      -2.16,
      5.06,
      3.39,
      9.4,
      2.89,
      2.54,
      -0.44,
      3.13,
      0.33,
      6.3,
      -3.15,
      -1.01,
      4.64,
      3.17,
      6.74,
      -9.11,
      1.24,
      4.76
    ],
    [
      6.57,
      7.73,
      4.12,
      3.61,
      2.81,
      100.0,
      14.17,
      8.85,
      2.05,
      1.5,
      16.39,
      2.39,
      9.15,
      -4.59,
      5.72,
      -3.89,
      5.21,
      4.71,
      11.69,
      12.16,
      8.54,
      9.69,
      0.98,
      10.96,
      -2.23,
      3.07,
      5.28,
      10.42,
      -7.96,
      6.64,
      -1.81,
      9.97,
      25.06,
      5.43,
      5.4,
      9.78,
      1.66,
      1.1,
      7.59,
      10.6,
      12.32,
      22.82,
      -1.29,
      6.26,
      4.82,
      21.58,
      11.93,
      7.78,
      4.36,
      7.59,
      -1.98,
      -4.86,
      5.79,
      5.59,
      -0.82,
      6.73,
      4.15,
      10.61,
      12.02,
      -1.14,
      14.61,
      9.48,
      2.7,
      1.44,
      14.04,
      5.11,
      1.61,
      6.47,
      2.02,
      20.25,
      1.37,
      3.6,
      7.73,
      1.59,
      -2.05,
      -2.0,
      7.84,
      6.77,
      -2.1,
      3.84,
      8.02,
      -1.62,
      18.82,
      4.09,
      10.11,
      8.13,
      10.71,
      2.98,
      6.76,
      8.17,
      21.09,
      9.83,
      12.73,
      10.17,
      6.92,
      2.79,
      7.37,
      6.58,
      8.43,
      7.86
    ],
    [
      12.1,
      15.21,
      11.67,
      11.96,
      3.29,
      14.17,
      100.0,
      11.22,
      10.44,
      2.61,
      10.54,
      2.44,
      2.41,
      4.13,
      17.49,
      15.45,
      -10.76,
      10.4,
      5.37,
      18.05,
      5.14,
      12.51,
      6.06,
      12.77,
      2.22,
      6.36,
      -0.9,
      5.95,
      3.86,
      9.15,
      11.96,
      5.83,
      6.6,
      3.35,
      15.35,
      2.03,
      8.42,
      10.02,
      9.26,
      3.83,
      1.02,
      16.61,
      6.46,
      10.77,
      13.85,
      2.34,
      6.64,
      6.91,
      0.29,
      14.32,
      11.05,
      8.43,
      9.31,
      17.34,
      9.87,
      5.1,
      6.53,
      5.71,
      5.94,
      3.86,
      9.97,
      13.57,
      4.54,
      6.16,
      8.47,
      13.44,
      4.71,
      0.03,
      6.63,
      4.47,
      2.7,
      11.84,
      5.19,
      0.88,
      2.23,
      -0.9,
      7.88,
      -2.41,
      9.74,
      1.8,
      0.56,
      0.46,
      12.21,
      14.23,
      3.58,
      7.97,
      12.33,
      2.47,
      11.99,
      -0.76,
      12.13,
      2.86,
      9.07,
      17.54,
      7.85,
      7.27,
      1.31,
      8.19,
      12.22,
      -0.73
    ],
    [
      3.14,
      0.56,
      5.52,
      -0.62,
      6.98,
      8.85,
      11.22,
      100.0,
      8.06,
      9.29,
      26.0,
      -1.37,
      3.63,
      5.92,
      3.61,
      6.2,
      -2.0,
      7.7,
      5.02,
      22.06,
      -0.41,
      7.05,
      -5.61,
      -5.14,
      21.81,
      7.32,
      2.73,
      9.09,
      -3.05,
      -5.9,
      6.48,
      -5.62,
      3.15,
      7.1,
      0.58,
      29.71,
      14.23,
      7.06,
      7.11,
      1.32,
      7.04,
      6.68,
      6.15,
      1.19,
      4.86,
      11.96,
      7.64,
      5.7,
      8.13,
      10.41,
      9.37,
      6.3,
      2.83,
      5.99,
      9.33,
      4.1,
      -5.86,
      -6.87,
      8.84,
      6.94,
      5.76,
      6.31,
      9.35,
      8.75,
      8.07,
      7.11,
      16.31,
      -4.01,
      2.11,
      22.25,
      6.31,
      -2.69,
      1.19,
      6.42,
      2.88,
      5.43,
      1.88,
      1.84,
      4.92,
      8.49,
      -7.56,
      10.9,
      13.7,
      0.65,
      5.95,
      3.2,
      5.06,
      6.38,
      8.98,
      -2.08,
      7.63,
      7.52,
      1.08,
      3.27,
      1.46,
      6.99,
      6.26,
      0.17,
      4.76,
      8.7
    ],
    [
      17.4,
      7.15,
      21.91,
      6.93,
      7.38,
      2.05,
      10.44,
      8.06,
      100.0,
      13.91,
      6.32,
      20.76,
      -3.68,
      9.85,
      9.06,
      8.69,
      5.39,
      7.74,
      5.59,
      5.28,
      8.57,
      2.0,
      9.6,
      5.75,
      4.41,
      -0.36,
      -0.77,
      -1.37,
      3.44,
      2.74,
      3.71,
      0.54,
      -0.74,
      -3.17,
      3.83,
      -0.36,
      -0.77,
      22.96,
      16.55,
      25.02,
      2.77,
      2.75,
      3.3,
      -0.05,
      8.57,
      -2.24,
      7.85,
      -1.51,
      5.93,
      1.26,
      1.92,
      18.62,
      -1.18,
      -2.8,
      6.36,
      10.56,
      18.66,
      7.3,
      4.84,
      5.68,
      8.84,
      8.08,
      3.27,
      10.02,
      -1.14,
      7.66,
      6.69,
      7.85,
      5.62,
      2.76,
      -0.78,
      30.56,
      -3.97,
      7.6,
      -3.08,
      6.15,
      1.58,
      1.98,
      4.85,
      0.44,
      1.62,
      8.8,
      4.1,
      8.82,
      1.94,
      41.59,
      2.2,
      11.63,
      12.3,
      7.02,
      10.72,
      8.32,
      1.29,
      6.91,
      17.08,
      7.28,
      13.4,
      10.58,
      11.43,
      11.57
    ],
    [
      -1.94,
      2.45,
      -2.31,
      9.36,
      25.1,
      1.5,
      2.61,
      9.29,
      13.91,
      100.0,
      0.52,
      10.98,
      15.08,
      0.98,
      5.67,
      0.29,
      2.59,
      4.08,
      2.26,
      0.6,
      10.38,
      4.21,
      4.64,
      3.33,
      4.84,
      5.6,
      11.17,
      2.48,
      4.97,
      1.29,
      7.82,
      6.18,
      2.47,
      12.47,
      -2.32,
      5.84,
      6.9,
      4.94,
      11.2,
      18.26,
      -2.91,
      0.7,
      -1.17,
      13.08,
      -0.74,
      2.83,
      -4.18,
      11.24,
      8.47,
      0.01,
      5.11,
      3.49,
      13.54,
      4.95,
      6.51,
      6.56,
      0.38,
      0.57,
      7.66,
      2.19,
      4.46,
      1.98,
      21.72,
      6.67,
      7.96,
      3.96,
      15.47,
      1.61,
      10.39,
      0.21,
      1.35,
      2.64,
      5.92,
      2.68,
      4.29,
      5.31,
      17.9,
      1.77,
      -3.82,
      2.98,
      23.85,
      8.8,
      1.37,
      0.71,
      16.99,
      23.71,
      5.5,
      1.4,
      3.75,
      1.93,
      -0.5,
      4.35,
      -0.98,
      3.2,
      2.73,
      11.22,
      2.9,
      -8.86,
      1.1,
      23.95
    ],
    [
      8.53,
      -0.04,
      -1.21,
      -0.84,
      2.53,
      16.39,
      10.54,
      26.0,
      6.32,
      0.52,
      100.0,
      3.24,
      -0.28,
      10.44,
      7.4,
      1.37,
      3.29,
      9.72,
      4.21,
      7.27,
      3.97,
      4.71,
      2.03,
      2.92,
      19.03,
      7.6,
      8.22,
      3.41,
      3.85,
      3.04,
      8.99,
      3.9,
      5.05,
      10.16,
      2.05,
      15.65,
      -1.43,
      13.31,
      3.8,
      9.35,
      6.08,
      2.98,
      1.87,
      8.87,
      5.03,
      3.38,
      10.36,
      2.85,
      12.27,
      2.22,
      -0.78,
      0.96,
      7.44,
      0.69,
      0.85,
      1.51,
      -0.83,
      6.68,
      7.19,
      -0.39,
      9.24,
      5.4,
      3.02,
      3.56,
      4.91,
      -0.38,
      4.07,
      5.27,
      -2.15,
      1.18,
      0.3,
      1.55,
      3.06,
      -2.11,
      4.54,
      0.76,
      14.55,
      4.27,
      -0.83,
      11.69,
      -1.35,
      -3.81,
      8.63,
      10.04,
      -0.88,
      1.83,
      1.55,
      9.54,
      23.98,
      10.67,
      18.48,
      2.91,
      2.19,
      9.21,
      8.82,
      20.22,
      1.17,
      9.56,
      9.49,
      2.99
    ],
    [
      12.04,
      10.57,
      8.98,
      5.36,
      15.11,
      2.39,
      2.44,
      -1.37,
      20.76,
      10.98,
      3.24,
      100.0,
      1.48,
      5.35,
      -3.01,
      2.86,
      11.9,
      -3.58,
      2.87,
      -6.3,
      8.74,
      6.89,
      1.41,
      10.77,
      5.34,
      -3.94,
      -6.42,
      -6.5,
      7.58,
      -0.59,
      2.6,
      0.18,
      4.3,
      0.94,
      10.97,
      -7.93,
      6.35,
      17.12,
      18.35,
      8.76,
      0.17,
      -1.53,
      -5.9,
      6.25,
      10.73,
      2.78,
      14.52,
      11.73,
      13.64,
      2.57,
      -7.8,
      12.11,
      4.42,
      -5.7,
      8.99,
      9.63,
      2.2,
      6.48,
      6.51,
      1.39,
      8.79,
      -5.81,
      -6.64,
      15.11,
      -0.15,
      11.63,
      -3.81,
      0.47,
      3.15,
      -1.45,
      -5.27,
      20.62,
      -5.37,
      3.65,
      5.26,
      5.47,
      12.25,
      5.63,
      -5.69,
      6.41,
      -4.97,
      -1.92,
      5.47,
      0.82,
      6.31,
      23.5,
      1.95,
      -0.62,
      3.48,
      13.0,
      -2.86,
      6.56,
      -0.92,
      -1.97,
      7.89,
      6.53,
      6.07,
      11.78,
      8.61,
      1.59
    ],
    [
      7.64,
      3.91,
      -0.52,
      5.29,
      13.77,
      9.15,
      2.41,
      3.63,
      -3.68,
      15.08,
      -0.28,
      1.48,
      100.0,
      3.79,
      8.51,
      0.34,
      8.84,
      8.03,
      12.87,
      4.1,
      0.05,
      8.47,
      4.4,
      15.27,
      4.76,
      8.17,
      13.36,
      8.45,
      -4.78,
      14.33,
      11.0,
      5.89,
      10.83,
      -2.04,
      6.07,
      4.64,
      16.74,
      1.53,
      -0.43,
      0.54,
      8.66,
      8.82,
      1.04,
      48.86,
      0.64,
      12.87,
      -5.11,
      3.83,
      5.32,
      7.78,
      11.6,
      13.96,
      12.3,
      6.27,
      13.61,
      9.7,
      6.46,
      10.52,
      8.52,
      7.45,
      3.92,
      2.33,
      13.03,
      1.43,
      16.65,
      3.19,
      5.51,
      1.46,
      11.71,
      6.8,
      5.92,
      5.99,
      9.8,
      15.29,
      1.9,
      4.08,
      4.18,
      14.16,
      1.31,
      11.77,
      10.23,
      11.59,
      6.91,
      13.19,
      5.1,
      4.78,
      1.3,
      -3.58,
      9.27,
      1.06,
      6.5,
      5.75,
      -2.79,
      5.94,
      8.27,
      3.25,
      14.68,
      5.79,
      6.81,
      5.06
    ],
    [
      9.91,
      1.99,
      4.65,
      14.4,
      13.74,
      -4.59,
      4.13,
      5.92,
      9.85,
      0.98,
      10.44,
      5.35,
      3.79,
      100.0,
      7.8,
      10.81,
      1.42,
      0.01,
      -3.89,
      -2.31,
      3.8,
      -3.49,
      2.01,
      6.15,
      -2.43,
      6.07,
      0.23,
      2.08,
      8.51,
      4.17,
      9.63,
      -2.5,
      1.31,
      7.6,
      -4.45,
      3.3,
      8.94,
      17.47,
      -0.75,
      10.12,
      8.37,
      -5.06,
      5.29,
      0.27,
      -2.62,
      5.29,
      1.29,
      6.27,
      6.0,
      11.7,
      7.41,
      7.93,
      13.64,
      6.65,
      3.41,
      5.23,
      -5.31,
      10.07,
      7.24,
      10.62,
      10.63,
      -1.65,
      -4.43,
      9.22,
      -2.58,
      8.68,
      17.67,
      4.24,
      -2.08,
      2.83,
      5.11,
      -2.41,
      -1.02,
      11.86,
      24.98,
      2.78,
      2.27,
      1.7,
      -4.18,
      6.49,
      5.47,
      5.99,
      -1.21,
      8.66,
      2.65,
      2.77,
      16.38,
      5.08,
      8.74,
      6.49,
      11.63,
      9.16,
      11.57,
      6.99,
      6.13,
      15.91,
      9.52,
      14.43,
      -0.5,
      5.21
    ],
    [
      5.16,
      7.04,
      7.45,
      5.32,
      2.54,
      5.72,
      17.49,
      3.61,
      9.06,
      5.67,
      7.4,
      -3.01,
      8.51,
      7.8,
      100.0,
      5.88,
      13.88,
      12.36,
      5.11,
      -3.77,
      7.87,
      13.17,
      1.26,
      3.45,
      2.45,
      33.84,
      -3.68,
      -0.43,
      38.17,
      18.38,
      7.84,
      10.07,
      7.9,
      12.39,
      6.18,
      7.49,
      4.28,
      1.25,
      22.62,
      10.08,
      5.47,
      -1.76,
      11.27,
      5.1,
      0.84,
      9.32,
      2.27,
      2.44,
      24.47,
      3.4,
      8.9,
      1.26,
      2.29,
      1.42,
      2.29,
      1.53,
      0.93,
      2.75,
      3.16,
      21.49,
      -1.48,
      -5.75,
      12.06,
      0.89,
      5.13,
      7.81,
      3.28,
      10.52,
      3.88,
      11.07,
      5.1,
      7.77,
      11.57,
      4.78,
      4.11,
      -1.14,
      2.87,
      8.32,
      7.34,
      5.58,
      2.67,
      6.47,
      14.11,
      20.52,
      15.05,
      -0.08,
      1.01,
      1.91,
      9.85,
      6.3,
      -0.15,
      9.64,
      4.99,
      13.33,
      4.92,
      1.69,
      7.76,
      -1.83,
      8.82,
      8.71
    ],
    [
      4.16,
      -3.24,
      6.16,
      -2.82,
      -2.63,
      -3.89,
      15.45,
      6.2,
      8.69,
      0.29,
      1.37,
      2.86,
      0.34,
      10.81,
      5.88,
      100.0,
      5.06,
      14.12,
      0.56,
      3.52,
      6.76,
      2.44,
      -5.3,
      10.45,
      9.55,
      9.35,
      1.82,
      12.89,
      10.67,
      3.61,
      0.25,
      -4.65,
      6.29,
      -0.42,
      6.75,
      -0.55,
      -2.31,
      0.02,
      7.39,
      -3.9,
      2.77,
      2.26,
      5.68,
      14.28,
      8.59,
      7.6,
      2.44,
      9.43,
      6.79,
      10.26,
      2.53,
      17.89,
      -8.34,
      5.51,
      1.82,
      9.02,
      0.12,
      -1.97,
      -6.81,
      6.37,
      -0.55,
      -1.92,
      2.57,
      5.25,
      7.28,
      10.6,
      -3.4,
      -1.98,
      0.32,
      5.69,
      9.47,
      6.14,
      4.69,
      0.08,
      4.85,
      9.65,
      -0.06,
      0.08,
      -1.14,
      -2.8,
      8.65,
      15.15,
      3.07,
      10.71,
      5.6,
      3.62,
      -0.35,
      18.3,
      14.81,
      3.02,
      6.04,
      6.73,
      -0.47,
      14.43,
      2.31,
      -7.53,
      -5.43,
      0.86,
      17.85,
      5.35
    ],
    [
      1.65,
      -0.2,
      4.98,
      1.63,
      -2.28,
      5.21,
      -10.76,
      -2.0,
      5.39,
      2.59,
      3.29,
      11.9,
      8.84,
      1.42,
      13.88,
      5.06,
      100.0,
      8.1,
      -5.23,
      2.62,
      1.23,
      6.13,
      -4.82,
      -0.01,
      15.54,
      5.17,
      6.03,
      0.97,
      10.27,
      7.43,
      -2.04,
      11.99,
      20.19,
      12.24,
      3.95,
      7.72,
      -5.27,
      -2.23,
      11.2,
      1.6,
      7.79,
      6.03,
      7.47,
      0.95,
      5.61,
      26.55,
      -2.64,
      -0.66,
      7.12,
      22.3,
      2.59,
      2.53,
      -7.04,
      -2.25,
      1.47,
      1.94,
      1.9,
      0.08,
      5.57,
      46.65,
      -0.34,
      2.63,
      2.59,
      -10.04,
      0.81,
      -0.79,
      11.3,
      3.98,
      11.49,
      1.41,
      1.44,
      3.81,
      5.44,
      3.52,
      0.3,
      4.32,
      1.68,
      15.92,
      3.79,
      4.93,
      5.22,
      -1.92,
      10.38,
      16.79,
      18.67,
      12.05,
      3.92,
      10.04,
      7.45,
      5.74,
      -3.58,
      20.8,
      5.25,
      4.34,
      2.13,
      0.24,
      8.32,
      3.51,
      10.3,
      16.31
    ],
    [
      -2.43,
      1.06,
      5.98,
      -4.82,
      1.13,
      4.71,
      10.4,
      7.7,
      7.74,
      4.08,
      9.72,
      -3.58,
      8.03,
      0.01,
      12.36,
      14.12,
      8.1,
      100.0,
      2.41,
      9.47,
      5.66,
      6.55,
      8.04,
      14.15,
      18.33,
      4.78,
      18.45,
      6.22,
      1.62,
      8.5,
      2.46,
      13.02,
      12.04,
      0.51,
      3.68,
      6.46,
      9.35,
      -3.72,
      5.55,
      -1.24,
      10.68,
      3.78,
      2.08,
      5.36,
      1.32,
      -0.11,
      -1.67,
      17.74,
      3.29,
      4.25,
      9.97,
      7.92,
      10.95,
      7.18,
      6.42,
      2.52,
      4.8,
      4.18,
      -1.59,
      4.98,
      6.12,
      21.04,
      7.04,
      -0.56,
      17.61,
      2.18,
      1.97,
      2.28,
      1.12,
      4.67,
      9.22,
      11.21,
      8.44,
      12.24,
      5.18,
      10.88,
      -0.48,
      2.72,
      -1.49,
      -0.84,
      8.92,
      9.82,
      10.02,
      12.48,
      -2.8,
      3.22,
      5.71,
      7.91,
      11.34,
      -3.44,
      -5.22,
      4.8,
      -8.32,
      4.72,
      2.97,
      7.33,
      1.23,
      3.8,
      6.95,
      -0.28
    ],
    [
      1.99,
      13.85,
      13.34,
      5.76,
      2.42,
      11.69,
      5.37,
      5.02,
      5.59,
      2.26,
      4.21,
      2.87,
      12.87,
      -3.89,
      5.11,
      0.56,
      -5.23,
      2.41,
      100.0,
      11.3,
      9.15,
      15.17,
      9.43,
      19.03,
      5.94,
      6.13,
      -2.27,
      1.03,
      5.68,
      6.55,
      13.73,
      8.28,
      14.31,
      -7.51,
      9.8,
      4.46,
      3.71,
      27.86,
      1.09,
      3.59,
      5.26,
      16.59,
      11.51,
      11.3,
      9.32,
      7.78,
      6.03,
      8.79,
      7.43,
      -5.6,
      -1.08,
      5.83,
      8.51,
      1.75,
      5.09,
      16.12,
      4.06,
      19.44,
      7.11,
      3.64,
      0.86,
      12.14,
      6.21,
      -0.05,
      15.02,
      0.68,
      6.32,
      5.39,
      4.04,
      -0.43,
      4.24,
      4.84,
      -0.33,
      14.58,
      -0.45,
      -1.46,
      2.55,
      12.45,
      6.82,
      1.34,
      6.2,
      4.0,
      11.09,
      10.76,
      7.96,
      1.17,
      1.98,
      6.98,
      4.36,
      3.69,
      5.14,
      0.68,
      5.32,
      6.81,
      23.46,
      2.74,
      12.32,
      0.06,
      10.38,
      2.93
    ],
    [
      -2.04,
      8.97,
      16.97,
      3.66,
      6.18,
      12.16,
      18.05,
      22.06,
      5.28,
      0.6,
      7.27,
      -6.3,
      4.1,
      -2.31,
      -3.77,
      3.52,
      2.62,
      9.47,
      11.3,
      100.0,
      11.06,
      7.06,
      7.4,
      5.46,
      13.05,
      2.42,
      7.99,
      7.19,
      -2.3,
      -4.01,
      -1.12,
      5.79,
      18.28,
      -1.47,
      8.06,
      13.41,
      5.91,
      8.51,
      6.83,
      -6.02,
      7.85,
      15.88,
      13.5,
      6.44,
      4.23,
      6.01,
      9.52,
      7.97,
      1.54,
      -0.3,
      8.48,
      3.44,
      5.97,
      1.22,
      9.62,
      6.02,
      5.56,
      -2.05,
      6.36,
      4.33,
      3.79,
      28.56,
      6.06,
      -1.07,
      9.33,
      2.28,
      7.97,
      -1.83,
      -3.45,
      24.61,
      4.96,
      2.29,
      6.55,
      1.08,
      -3.37,
      8.01,
      6.77,
      10.28,
      18.08,
      4.67,
      5.52,
      2.52,
      9.43,
      8.79,
      11.86,
      1.64,
      2.86,
      10.42,
      -1.53,
      -3.47,
      13.26,
      16.32,
      22.04,
      2.6,
      5.29,
      6.24,
      3.19,
      -3.62,
      6.9,
      6.91
    ],
    [
      5.52,
      11.4,
      3.02,
      32.07,
      4.25,
      8.54,
      5.14,
      -0.41,
      8.57,
      10.38,
      3.97,
      8.74,
      0.05,
      3.8,
      7.87,
      6.76,
      1.23,
      5.66,
      9.15,
      11.06,
      100.0,
      2.31,
      9.63,
      0.56,
      5.09,
      4.1,
      10.29,
      6.6,
      7.29,
      7.07,
      11.23,
      13.18,
      6.64,
      6.54,
      21.17,
      -2.57,
      -0.2,
      17.85,
      6.55,
      8.44,
      12.13,
      2.79,
      13.68,
      5.42,
      0.59,
      10.45,
      9.13,
      1.85,
      2.29,
      -1.29,
      17.82,
      5.4,
      9.98,
      5.79,
      5.97,
      6.06,
      13.91,
      3.19,
      4.05,
      3.19,
      17.76,
      -1.12,
      9.05,
      6.97,
      9.81,
      3.84,
      7.97,
      11.35,
      15.21,
      9.8,
      6.94,
      3.99,
      8.84,
      15.45,
      -3.12,
      4.67,
      12.83,
      9.26,
      16.01,
      9.24,
      15.21,
      3.09,
      7.65,
      17.15,
      4.72,
      7.77,
      0.87,
      1.88,
      1.28,
      9.53,
      2.05,
      5.73,
      8.28,
      10.0,
      20.72,
      4.82,
      13.45,
      11.94,
      2.39,
      4.47
    ],
    [
      4.0,
      14.47,
      3.86,
      -1.2,
      5.05,
      9.69,
      12.51,
      7.05,
      2.0,
      4.21,
      4.71,
      6.89,
      8.47,
      -3.49,
      13.17,
      2.44,
      6.13,
      6.55,
      15.17,
      7.06,
      2.31,
      100.0,
      0.41,
      5.04,
      -1.06,
      7.29,
      6.46,
      0.42,
      5.22,
      4.1,
      1.71,
      7.71,
      9.92,
      4.18,
      11.38,
      4.56,
      5.24,
      3.7,
      9.06,
      0.08,
      5.72,
      8.19,
      3.04,
      0.6,
      6.61,
      20.85,
      2.72,
      16.13,
      5.72,
      -2.91,
      0.79,
      3.4,
      3.45,
      17.96,
      7.0,
      11.24,
      9.94,
      5.66,
      9.67,
      -3.96,
      8.02,
      9.47,
      21.96,
      -1.81,
      16.19,
      8.93,
      -3.14,
      11.0,
      9.72,
      7.37,
      0.07,
      11.22,
      2.66,
      3.95,
      3.7,
      4.38,
      9.73,
      7.43,
      10.3,
      5.86,
      1.97,
      -4.82,
      17.92,
      4.39,
      8.57,
      5.81,
      4.9,
      9.21,
      12.31,
      9.54,
      -6.5,
      3.67,
      -2.66,
      -5.84,
      5.0,
      3.79,
      7.92,
      0.53,
      10.6,
      0.0
    ],
    [
      9.61,
      13.77,
      14.84,
      16.89,
      5.03,
      0.98,
      6.06,
      -5.61,
      9.6,
      4.64,
      2.03,
      1.41,
      4.4,
      2.01,
      1.26,
      -5.3,
      -4.82,
      8.04,
      9.43,
      7.4,
      9.63,
      0.41,
      100.0,
      11.37,
      -3.89,
      -0.68,
      8.41,
      9.38,
      -7.23,
      8.7,
      2.22,
      2.58,
      2.21,
      2.6,
      8.0,
      1.8,
      15.44,
      -0.81,
      13.08,
      4.43,
      12.5,
      6.73,
      -2.73,
      4.74,
      8.29,
      -3.99,
      -3.52,
      -0.46,
      8.69,
      -0.07,
      4.41,
      6.63,
      5.0,
      1.14,
      27.29,
      3.64,
      17.58,
      4.78,
      -3.35,
      -1.9,
      4.16,
      18.88,
      10.41,
      8.43,
      10.88,
      4.62,
      -3.54,
      2.61,
      13.59,
      2.28,
      11.57,
      16.09,
      -0.94,
      6.69,
      2.24,
      4.65,
      -1.86,
      2.19,
      4.37,
      -2.57,
      7.67,
      12.98,
      3.87,
      6.19,
      -1.23,
      -0.1,
      3.65,
      1.59,
      0.76,
      5.12,
      5.29,
      -2.68,
      4.72,
      8.15,
      1.15,
      2.05,
      9.05,
      3.07,
      10.3,
      -3.56
    ],
    [
      3.4,
      12.48,
      3.27,
      1.42,
      1.85,
      10.96,
      12.77,
      -5.14,
      5.75,
      3.33,
      2.92,
      10.77,
      15.27,
      6.15,
      3.45,
      10.45,
      -0.01,
      14.15,
      19.03,
      5.46,
      0.56,
      5.04,
      11.37,
      100.0,
      2.04,
      0.81,
      2.57,
      1.85,
      -1.21,
      12.09,
      17.97,
      5.2,
      8.12,
      3.34,
      5.49,
      -1.61,
      12.81,
      6.12,
      15.82,
      1.96,
      -1.1,
      -0.38,
      4.73,
      27.02,
      -3.22,
      1.96,
      2.09,
      8.34,
      5.12,
      10.58,
      3.16,
      7.69,
      6.74,
      11.58,
      10.91,
      7.7,
      6.05,
      18.21,
      1.19,
      6.72,
      10.32,
      14.29,
      -4.71,
      34.55,
      3.92,
      11.27,
      3.3,
      7.36,
      5.77,
      -2.49,
      9.91,
      16.82,
      4.01,
      6.66,
      13.27,
      0.34,
      -0.67,
      -0.37,
      2.01,
      5.32,
      1.42,
      0.93,
      7.75,
      5.22,
      -2.21,
      12.73,
      0.81,
      7.06,
      11.81,
      -4.5,
      4.26,
      0.57,
      1.58,
      0.59,
      4.76,
      5.44,
      6.41,
      -5.74,
      15.58,
      3.34
    ],
    [
      6.19,
      -1.15,
      7.22,
      7.95,
      7.26,
      -2.23,
      2.22,
      21.81,
      4.41,
      4.84,
      19.03,
      5.34,
      4.76,
      -2.43,
      2.45,
      9.55,
      15.54,
      18.33,
      5.94,
      13.05,
      5.09,
      -1.06,
      -3.89,
      2.04,
      100.0,
      9.15,
      15.1,
      11.49,
      6.22,
      -3.93,
      5.81,
      2.68,
      8.41,
      1.25,
      6.09,
      10.46,
      7.43,
      5.21,
      -1.07,
      5.93,
      2.44,
      9.26,
      9.27,
      2.16,
      -12.25,
      -0.41,
      4.65,
      12.54,
      10.13,
      -0.35,
      -0.79,
      4.38,
      9.84,
      5.71,
      10.81,
      2.69,
      0.64,
      -0.01,
      0.35,
      6.34,
      6.9,
      6.42,
      9.11,
      4.39,
      13.0,
      4.94,
      6.11,
      0.29,
      1.25,
      12.98,
      2.65,
      0.2,
      2.63,
      2.51,
      6.46,
      8.9,
      10.89,
      6.94,
      3.11,
      6.95,
      -3.9,
      2.14,
      6.71,
      6.14,
      5.07,
      2.95,
      -1.71,
      5.31,
      20.76,
      4.34,
      6.97,
      17.15,
      2.29,
      9.57,
      9.5,
      11.76,
      4.74,
      0.39,
      10.05,
      2.47
    ],
    [
      3.12,
      4.28,
      3.92,
      1.32,
      5.1,
      3.07,
      6.36,
      7.32,
      -0.36,
      5.6,
      7.6,
      -3.94,
      8.17,
      6.07,
      33.84,
      9.35,
      5.17,
      4.78,
      6.13,
      2.42,
      4.1,
      7.29,
      -0.68,
      0.81,
      9.15,
      100.0,
      11.45,
      4.73,
      33.75,
      6.92,
      1.37,
      9.25,
      4.68,
      3.15,
      10.05,
      12.53,
      7.61,
      1.06,
      5.21,
      11.91,
      -3.67,
      -2.87,
      23.44,
      4.58,
      -5.3,
      9.44,
      -6.38,
      -7.29,
      18.43,
      6.27,
      8.08,
      -3.76,
      6.46,
      22.16,
      7.12,
      2.18,
      -4.02,
      8.66,
      1.15,
      5.63,
      3.31,
      1.84,
      11.2,
      8.79,
      3.11,
      5.74,
      0.94,
      29.68,
      7.89,
      5.01,
      1.85,
      4.06,
      19.15,
      11.2,
      4.22,
      1.79,
      1.5,
      4.12,
      3.03,
      4.36,
      -0.27,
      7.36,
      14.43,
      25.75,
      9.32,
      -0.54,
      5.52,
      0.98,
      5.46,
      7.18,
      -2.43,
      8.5,
      9.5,
      8.77,
      14.19,
      9.23,
      8.68,
      7.45,
      11.54,
      10.65
    ],
    [
      1.2,
      -3.13,
      12.1,
      13.86,
      14.79,
      5.28,
      -0.9,
      2.73,
      -0.77,
      11.17,
      8.22,
      -6.42,
      13.36,
      0.23,
      -3.68,
      1.82,
      6.03,
      18.45,
      -2.27,
      7.99,
      10.29,
      6.46,
      8.41,
      2.57,
      15.1,
      11.45,
      100.0,
      4.13,
      -3.29,
      5.1,
      5.84,
      9.9,
      6.39,
      0.77,
      9.9,
      1.5,
      6.7,
      -0.77,
      -1.66,
      8.09,
      3.4,
      1.87,
      -2.19,
      4.66,
      0.77,
      -5.49,
      2.4,
      6.64,
      3.08,
      2.7,
      1.52,
      7.09,
      9.0,
      11.54,
      1.79,
      2.11,
      3.49,
      1.77,
      3.36,
      5.46,
      7.31,
      3.64,
      3.02,
      0.93,
      5.83,
      0.17,
      2.36,
      18.3,
      30.12,
      3.38,
      11.3,
      6.61,
      20.87,
      6.65,
      -2.27,
      16.44,
      10.42,
      9.63,
      5.03,
      0.6,
      16.9,
      7.46,
      6.63,
      6.96,
      14.07,
      9.39,
      -4.81,
      6.16,
      3.61,
      -2.73,
      -0.37,
      16.95,
      -0.34,
      11.01,
      7.31,
      -2.03,
      8.85,
      2.94,
      5.44,
      6.92
    ],
    [
      13.1,
      2.24,
      15.72,
      13.24,
      1.58,
      10.42,
      5.95,
      9.09,
      -1.37,
      2.48,
      3.41,
      -6.5,
      8.45,
      2.08,
      -0.43,
      12.89,
      0.97,
      6.22,
      1.03,
      7.19,
      6.6,
      0.42,
      9.38,
      1.85,
      11.49,
      4.73,
      4.13,
      100.0,
      1.5,
      8.37,
      9.39,
      3.25,
      2.21,
      -3.17,
      -1.97,
      13.89,
      0.58,
      0.75,
      0.89,
      -2.21,
      28.05,
      5.6,
      2.55,
      5.13,
      4.67,
      9.3,
      -2.37,
      3.64,
      3.31,
      0.74,
      8.49,
      9.46,
      6.67,
      10.76,
      7.45,
      1.04,
      11.35,
      8.51,
      -0.23,
      8.83,
      -2.43,
      11.14,
      4.85,
      -2.72,
      10.04,
      8.79,
      1.05,
      2.13,
      7.76,
      12.52,
      18.32,
      2.44,
      1.72,
      1.52,
      3.15,
      14.71,
      -5.17,
      6.81,
      22.86,
      12.39,
      2.83,
      6.31,
      9.9,
      3.23,
      2.91,
      2.49,
      3.23,
      17.77,
      7.96,
      3.43,
      10.64,
      7.31,
      -0.04,
      14.0,
      10.16,
      10.26,
      4.77,
      -4.54,
      2.41,
      1.09
    ],
    [
      6.93,
      0.64,
      13.23,
      -1.16,
      -3.44,
      -7.96,
      3.86,
      -3.05,
      3.44,
      4.97,
      3.85,
      7.58,
      -4.78,
      8.51,
      38.17,
      10.67,
      10.27,
      1.62,
      5.68,
      -2.3,
      7.29,
      5.22,
      -7.23,
      -1.21,
      6.22,
      33.75,
      -3.29,
      1.5,
      100.0,
      10.26,
      12.99,
      25.3,
      4.95,
      20.36,
      3.74,
      1.53,
      9.54,
      11.94,
      11.09,
      7.35,
      2.4,
      3.44,
      32.97,
      -1.24,
      18.12,
      5.0,
      6.52,
      8.52,
      8.86,
      -0.39,
      7.85,
      3.31,
      2.62,
      4.41,
      12.63,
      2.41,
      3.66,
      9.86,
      3.19,
      5.44,
      9.39,
      -12.22,
      -4.04,
      0.57,
      4.33,
      7.13,
      5.62,
      12.45,
      -1.36,
      5.64,
      0.12,
      7.06,
      22.58,
      4.87,
      10.8,
      0.19,
      19.97,
      15.64,
      11.72,
      12.15,
      0.48,
      10.17,
      12.74,
      13.48,
      11.9,
      5.85,
      2.4,
      8.59,
      14.89,
      1.48,
      -0.94,
      0.59,
      18.86,
      5.63,
      27.1,
      3.64,
      0.54,
      1.81,
      16.83,
      8.86
    ],
    [
      9.83,
      7.09,
      5.67,
      2.15,
      8.01,
      6.64,
      9.15,
      -5.9,
      2.74,
      1.29,
      3.04,
      -0.59,
      14.33,
      4.17,
      18.38,
      3.61,
      7.43,
      8.5,
      6.55,
      -4.01,
      7.07,
      4.1,
      8.7,
      12.09,
      -3.93,
      6.92,
      5.1,
      8.37,
      10.26,
      100.0,
      8.7,
      19.0,
      8.24,
      -0.35,
      2.21,
      1.83,
      3.34,
      -3.17,
      15.92,
      6.91,
      -0.61,
      5.15,
      6.78,
      10.36,
      -6.83,
      0.17,
      -0.14,
      4.73,
      6.4,
      5.29,
      23.67,
      5.91,
      1.25,
      -1.35,
      10.19,
      15.73,
      7.22,
      13.77,
      -0.83,
      8.28,
      3.37,
      7.88,
      -1.54,
      -0.26,
      4.22,
      14.57,
      -1.2,
      21.59,
      15.49,
      -2.92,
      4.86,
      8.42,
      17.6,
      15.44,
      -0.21,
      2.84,
      1.42,
      19.11,
      -0.34,
      11.11,
      7.86,
      10.85,
      5.35,
      11.51,
      -1.44,
      4.67,
      7.42,
      7.5,
      4.29,
      4.9,
      7.66,
      -3.81,
      5.8,
      13.44,
      15.56,
      13.77,
      14.47,
      5.61,
      11.32,
      -1.54
    ],
    [
      21.75,
      5.0,
      11.82,
      0.77,
      -6.42,
      -1.81,
      11.96,
      6.48,
      3.71,
      7.82,
      8.99,
      2.6,
      11.0,
      9.63,
      7.84,
      0.25,
      -2.04,
      2.46,
      13.73,
      -1.12,
      11.23,
      1.71,
      2.22,
      17.97,
      5.81,
      1.37,
      5.84,
      9.39,
      12.99,
      8.7,
      100.0,
      2.72,
      6.95,
      12.92,
      2.75,
      2.13,
      12.98,
      13.15,
      5.16,
      9.17,
      2.8,
      1.82,
      7.64,
      13.16,
      1.31,
      4.84,
      0.94,
      -0.34,
      8.34,
      17.58,
      22.95,
      17.1,
      0.9,
      23.31,
      13.16,
      7.71,
      0.63,
      3.66,
      2.95,
      8.79,
      10.21,
      -0.1,
      1.43,
      6.95,
      0.04,
      13.56,
      4.35,
      2.7,
      12.18,
      1.06,
      11.85,
      11.04,
      2.14,
      -0.42,
      1.11,
      1.93,
      18.78,
      2.23,
      13.01,
      15.47,
      2.02,
      2.21,
      9.33,
      2.63,
      6.5,
      10.57,
      -1.54,
      11.35,
      10.76,
      2.91,
      7.82,
      3.81,
      4.4,
      6.76,
      13.71,
      1.67,
      4.98,
      4.41,
      20.94,
